$ANSIBLE_VAULT;1.1;AES256
64643462656364353039393134373338393163393164656334636533646166636339393864366439
3365383533353230313931646564326666313032636630380a313463643166323536383736316633
31643062626535623064383661373330313265626630303331346636663831663366666236636566
6639353266663231300a646235323436666231363638633332306431336135653438363736373765
39616134663562313238323137363564653234613661323433386361613430306130396663396362
63306538383733333638346234353539623766613238636337633036626438613437613261346636
34613336383862303731663036323735303337646130626634333865373931653038623836353462
62316631386261373165613664656263623262303938386665663663373637616630396238346630
31663036316139333232336636313239373230373361323933663863303939303430646634333533
35633539376433316161306238613761626133336462313564613330386535613465393534343362
32326335383063663932356138303236373733376539623761313662373939653939663166666362
30383762626439376539636433393531383364633539643536336136373431663063663630643137
6638
